# Custom color palette (colorblind-friendly and distinct)
custom_colors <- c("#000000", "#56B4E9", "#E69F00", "#D55E00",
                   "#009E73", "#0072B2", "#CC79A7", "#F0E442")